      0.47326624     0.078413829
      0.47580373     0.078401633
      0.47834122     0.078389935
      0.48087871     0.078378171
      0.48341620     0.078366406
      0.48595369     0.078354880
      0.48849118     0.078343391
      0.49102867     0.078331895
      0.49356616     0.078320466
      0.49610364     0.078309461
      0.49864113     0.078298077
      0.50117865     0.078287363
      0.50371614     0.078284793
      0.50629149     0.078265980
      0.50890543     0.078257091
      0.51156468     0.078245513
      0.51425644     0.078230210
      0.51700545     0.078217819
      0.51977634     0.078206070
      0.52262112     0.078194037
      0.52548597     0.078181960
      0.52841904     0.078169681
      0.53139030     0.078157559
      0.53440641     0.078145191
      0.53749022     0.078132458
      0.54060695     0.078121297
      0.54379302     0.078108497
      0.54703310     0.078094825
      0.55031438     0.078081846
      0.55367565     0.078067847
      0.55709120     0.078053936
      0.56055632     0.078039184
      0.56409795     0.078025453
      0.56770818     0.078022070
      0.57137640     0.078000955
      0.57510613     0.077987246
      0.57892782     0.077976413
      0.58281853     0.077959351
      0.58677921     0.077997446
      0.59081339     0.078031704
      0.59492646     0.077978015
      0.59913731     0.077962250
      0.60343012     0.077920668
      0.60780843     0.077876732
      0.61227581     0.077848107
      0.61683591     0.077830054
      0.62149212     0.077813663
      0.62624810     0.077809431
      0.63110735     0.077783592
      0.63607337     0.077768050
      0.64114960     0.077756934
      0.64633952     0.077825360
      0.65164659     0.077776074
      0.65707417     0.077774167
      0.66262567     0.077722266
      0.66830432     0.077673912
      0.67411355     0.077639788
      0.68005755     0.077620544
      0.68615850     0.077601701
      0.69240178     0.077751361
      0.69879042     0.077689320
      0.70533355     0.077725962
      0.71205289     0.077756420
      0.71892856     0.078055598
      0.72598039     0.077955738
      0.73321530     0.077917553
      0.74062712     0.077757679
      0.74824061     0.077570826
      0.75604424     0.077446580
      0.76405439     0.077381358
      0.77227963     0.077348821
      0.78071400     0.077369802
      0.78937757     0.077461943
      0.79827754     0.077507056
      0.80741273     0.077672772
      0.81679229     0.077890866
      0.82642492     0.077818997
      0.83631846     0.078025334
      0.84648042     0.078027777
      0.85691744     0.077955447
      0.86763561     0.078016452
      0.87864026     0.078176677
      0.88993619     0.079066791
      0.90154447     0.079175815
      0.91345424     0.078808405
      0.92567416     0.078551009
      0.93821717     0.078801416
      0.95107782     0.078744426
      0.96426481     0.078741975
      0.97778411     0.078674778
      0.99163094     0.078705885
       1.0058088     0.078750916
       1.0203194     0.078642547
       1.0351623     0.078448892
       1.0503361     0.078049473
       1.0658372     0.077854969
       1.0816605     0.077943683
       1.0977998     0.078508668
       1.1142474     0.079306833
       1.1309997     0.079591125
       1.1480461     0.079688750
       1.1653730     0.080030173
       1.1829760     0.079872243
       1.2008364     0.079344608
       1.2189454     0.078647383
       1.2372884     0.078255884
       1.2558493     0.077986501
       1.2746149     0.078017004
       1.2935710     0.078485548
       1.3127001     0.078949064
       1.3319869     0.079677194
       1.3514161     0.080243111
       1.3709722     0.080452479
       1.3906398     0.080571249
       1.4104039     0.080477759
       1.4302500     0.080267295
       1.4501638     0.079895265
       1.4701318     0.079632908
       1.4901408     0.079398565
       1.5101783     0.079159342
       1.5302327     0.078904770
       1.5502927     0.078727216
       1.5703480     0.078631334
       1.5903887     0.078657620
       1.6104059     0.079614051
       1.6303909     0.080248408
       1.6503360     0.080180064
       1.6702342     0.080465980
       1.6900786     0.080456235
       1.7098633     0.080487035
       1.7295829     0.080453493
       1.7492323     0.080337055
       1.7688071     0.080402233
       1.7883035     0.080405071
       1.8077178     0.080247812
       1.8270467     0.080220781
       1.8462879     0.080168091
       1.8654385     0.080115624
       1.8844961     0.079809681
       1.9034588     0.079723723
       1.9223257     0.079723492
       1.9410954     0.079813898
       1.9597669     0.079705171
       1.9783379     0.079524443
       1.9968093     0.079396591
       2.0151808     0.079256967
       2.0334501     0.079113975
       2.0516188     0.078986712
       2.0696871     0.078971997
       2.0876525     0.079038687
       2.1055187     0.079275511
       2.1232827     0.079539195
       2.1409471     0.079807654
       2.1585111     0.080087557
       2.1759759     0.080232270
       2.1933413     0.080720030
       2.2106090     0.081063725
       2.2277782     0.080949448
       2.2448517     0.081196599
       2.2618271     0.081287317
       2.2787083     0.081332125
       2.2954951     0.081436090
       2.3121868     0.081215926
       2.3287866     0.081517719
       2.3452944     0.081494831
       2.3617099     0.081331275
       2.3780358     0.081525631
       2.3942725     0.081234574
       2.4104206     0.081129014
       2.4264805     0.081137374
       2.4424539     0.081081018
       2.4583419     0.080956265
       2.4741455     0.080872238
       2.4898652     0.080748767
       2.5055010     0.080662221
       2.5210550     0.080626167
       2.5365277     0.080598593
       2.5519205     0.080694281
       2.5672341     0.080807775
       2.5824691     0.080841899
       2.5976267     0.080799431
       2.6127077     0.080715328
       2.6277128     0.080638908
       2.6426430     0.080450892
       2.6574992     0.080520056
       2.6722821     0.080716051
       2.6869930     0.080627114
       2.7016320     0.080506772
       2.7162005     0.080436036
       2.7306992     0.080208585
       2.7451290     0.080202445
       2.7594897     0.080290869
       2.7737829     0.080252364
       2.7880092     0.080416754
       2.8021700     0.080264971
       2.8162656     0.080261260
       2.8302968     0.080199003
       2.8442637     0.080091856
       2.8581671     0.080211893
       2.8720087     0.080113858
       2.8857889     0.080093712
       2.8995080     0.080071196
       2.9131659     0.080157802
       2.9267646     0.080061905
       2.9403050     0.080003716
       2.9537860     0.079984881
       2.9672094     0.080065072
       2.9805765     0.079937115
       2.9938863     0.080089703
       3.0071403     0.080285035
       3.0203398     0.080152631
       3.0334834     0.080301814
       3.0465735     0.080366410
       3.0596107     0.080588661
       3.0725935     0.080741651
       3.0855251     0.080912381
       3.0984040     0.081061937
       3.1112320     0.081167661
       3.1240093     0.081358790
       3.1367358     0.081497386
       3.1494133     0.081593312
       3.1620405     0.081650764
       3.1746201     0.081758529
       3.1871502     0.081818625
       3.1996340     0.081856929
       3.2120688     0.081841655
       3.2244582     0.081810944
       3.2368000     0.081802711
       3.2490968     0.081754006
       3.2613477     0.081638828
       3.2735536     0.081571452
       3.2857154     0.081505530
       3.2978321     0.081502184
       3.3099063     0.081665888
       3.3219358     0.082435444
       3.3339234     0.082336530
       3.3458680     0.082039818
       3.3577703     0.081788674
       3.3696319     0.081675425
       3.3814511     0.081655145
       3.3932295     0.081656620
       3.4049685     0.081674837
       3.4166655     0.081720814
       3.4283237     0.081748426
       3.4399429     0.081770465
       3.4515217     0.081762403
       3.4630623     0.081711486
       3.4745651     0.081725530
       3.4860291     0.081685208
       3.4974553     0.081622809
       3.5088447     0.081594840
       3.5201972     0.081567407
       3.5315120     0.081548847
       3.5427906     0.081572138
       3.5540336     0.081485145
       3.5652411     0.081446506
       3.5764119     0.081348084
       3.5875480     0.081338808
       3.5986495     0.081334516
       3.6097167     0.081308469
       3.6207489     0.081279010
       3.6317467     0.081235453
       3.6427114     0.081140660
       3.6536426     0.081019811
       3.6645411     0.080973417
       3.6754061     0.080949701
       3.6862380     0.080917008
       3.6970378     0.080815986
       3.7078057     0.080785275
       3.7185418     0.080787532
       3.7292464     0.080789186
       3.7399197     0.080683358
       3.7505613     0.080654077
       3.7611721     0.080637306
       3.7717523     0.080627218
       3.7823022     0.080733299
       3.7928219     0.080602139
       3.8033118     0.080544531
       3.8137721     0.080501124
       3.8242028     0.080384113
       3.8346047     0.080390342
       3.8449775     0.080435567
       3.8553208     0.080498159
       3.8656358     0.080412261
       3.8759222     0.080421120
       3.8861804     0.080430120
       3.8964108     0.080350980
       3.9066135     0.080336399
       3.9167890     0.080323100
       3.9269366     0.080216855
       3.9370575     0.080221124
       3.9471511     0.080225356
       3.9572183     0.080189921
       3.9672586     0.080186002
       3.9772726     0.080180928
       3.9872607     0.080058046
       3.9972224     0.080058932
       4.0071586     0.080060780
       4.0170689     0.080047339
       4.0269538     0.080036841
       4.0368136     0.079984613
       4.0466484     0.079975426
       4.0564578     0.079960488
       4.0662430     0.079995304
       4.0760033     0.080021381
       4.0857390     0.079951540
       4.0954510     0.079961911
       4.1051385     0.079983376
       4.1148019     0.079982005
       4.1244416     0.079980478
       4.1340577     0.079947002
       4.1436501     0.079925232
       4.1532194     0.079945169
       4.1627654     0.079952843
       4.1722888     0.079890035
       4.1817889     0.079944409
       4.1912667     0.080038309
       4.2007223     0.079996131
       4.2101551     0.079943486
       4.2195652     0.080010779
       4.2289535     0.080076009
       4.2383194     0.080064923
       4.2476640     0.080056079
       4.2569868     0.080096893
       4.2662878     0.080125161
       4.2755678     0.080247611
       4.2848264     0.080325305
       4.2940633     0.080532737
       4.3032792     0.080660336
       4.3124746     0.080679148
       4.3216492     0.080690987
       4.3308032     0.080609173
       4.3399368     0.080553420
       4.3490495     0.080389589
       4.3581417     0.080262676
       4.3672139     0.080144264
       4.3762666     0.080034964
       4.3852997     0.080024078
       4.3943119     0.080011517
       4.4033045     0.079907149
       4.4122780     0.079748616
       4.4212320     0.079802394
       4.4301673     0.079917789
       4.4390822     0.079870731
       4.4479784     0.079777621
       4.4568555     0.079710975
       4.4657140     0.079794914
       4.4745539     0.079858035
       4.4833746     0.079819068
       4.4921767     0.079771951
       4.5009606     0.079775162
       4.5097263     0.079779446
       4.5184734     0.079781860
       4.5272022     0.079785854
       4.5359134     0.079788387
       4.5446068     0.079724640
       4.5532815     0.079649210
       4.5619386     0.079648599
       4.5705788     0.079647735
       4.5792012     0.079647124
       4.5878055     0.079616122
       4.5963930     0.079588600
       4.6049636     0.079612553
       4.6135156     0.079640791
       4.6220516     0.079658687
       4.6305704     0.079635188
       4.6390724     0.079615407
       4.6475570     0.079585269
       4.6560258     0.079549722
       4.6644777     0.079524636
       4.6729124     0.079548262
       4.6813311     0.079571940
       4.6897335     0.079564989
       4.6981190     0.079555117
       4.7064891     0.079545975
       4.7148433     0.079544723
       4.7231802     0.079543568
       4.7315016     0.079542875
       4.7398080     0.079404689
       4.7480971     0.079277143
       4.7563717     0.079347372
       4.7646308     0.079447739
       4.7728731     0.079552680
       4.7811009     0.079469323
       4.7893132     0.079382047
       4.7975095     0.079309158
       4.8056918     0.079333648
       4.8138577     0.079354651
       4.8220090     0.079368576
       4.8301458     0.079400390
       4.8382667     0.079424128
       4.8463730     0.079436868
       4.8544653     0.079407774
       4.8625416     0.079379022
       4.8706042     0.079386197
       4.8786519     0.079399221
       4.8866850     0.079417571
       4.8947040     0.079394922
       4.9027080     0.079356581
       4.9106984     0.079302453
       4.9186738     0.079345822
       4.9266355     0.079419784
       4.9345831     0.079527870
       4.9425162     0.079542182
       4.9504365     0.079568878
       4.9583414     0.079595484
       4.9662335     0.079610445
       4.9741116     0.079557829
       4.9819755     0.079521358
       4.9898267     0.079495557
       4.9976629     0.079613641
       5.0054869     0.079704843
       5.0132967     0.079786934
       5.0210933     0.079709262
       5.0288768     0.079638533
       5.0366466     0.079557724
       5.0444037     0.079568863
       5.0521471     0.079581864
       5.0598783     0.079600602
       5.0675953     0.079625353
       5.0753001     0.079669647
       5.0829913     0.079713933
       5.0906706     0.079748817
       5.0983363     0.079740919
       5.1059897     0.079734407
       5.1136299     0.079726666
       5.1212578     0.079798102
       5.1288730     0.079886347
       5.1364759     0.079974450
       5.1440661     0.080031447
       5.1516440     0.079949535
       5.1592096     0.079889171
       5.1667625     0.079819374
       5.1743036     0.079826035
       5.1818320     0.079833925
       5.1893489     0.079841822
       5.1968532     0.079847544
       5.2043461     0.079913251
       5.2118262     0.079964817
       5.2192945     0.080034450
       5.2267510     0.080009460
       5.2341961     0.079970866
       5.2416285     0.079932272
       5.2490500     0.079892285
       5.2564592     0.079944171
       5.2638570     0.079998121
       5.2712435     0.080051981
       5.2786181     0.080094293
       5.2859814     0.080068447
       5.2933328     0.080047183
       5.3006734     0.080025963
       5.3080021     0.080013357
       5.3153199     0.080018468
       5.3226258     0.080022104
       5.3299214     0.080027431
       5.3372046     0.080050185
       5.3444778     0.080092989
       5.3517392     0.080135703
       5.3589902     0.080195673
       5.3662297     0.080187157
       5.3734584     0.080172852
       5.3806762     0.080158584
       5.3878830     0.080138475
       5.3950794     0.080178395
       5.4022644     0.080246128
       5.4094389     0.080313735
       5.4166026     0.080413729
       5.4237557     0.080395795
       5.4308985     0.080361262
       5.4380303     0.080326796
       5.4451521     0.080292322
       5.4522625     0.080270834
       5.4593634     0.080265380
       5.4664533     0.080261424
       5.4735328     0.080257468
       5.4806028     0.080254160
       5.4876614     0.080275074
       5.4947104     0.080293015
       5.5017490     0.080310963
       5.5087771     0.080331050
       5.5157957     0.080356456
       5.5228038     0.080385372
       5.5298024     0.080414288
       5.5367900     0.080457047
       5.5437681     0.080474839
       5.5507367     0.080509238
       5.5576943     0.080543637
       5.5646433     0.080577962
       5.5715814     0.080609530
       5.5785104     0.080582932
       5.5854293     0.080558330
       5.5923383     0.080533788
       5.5992382     0.080498576
       5.6061281     0.080502957
       5.6130079     0.080510721
       5.6198792     0.080518469
       5.6267399     0.080526203
       5.6335916     0.080534160
       5.6404342     0.080538854
       5.6472663     0.080543697
       5.6540898     0.080548532
       5.6609038     0.080553353
       5.6677081     0.080556765
       5.6745034     0.080548562
       5.6812892     0.080542207
       5.6880658     0.080535889
       5.6948338     0.080526590
       5.7015918     0.080528378
       5.7083407     0.080531739
       5.7150814     0.080535106
       5.7218117     0.080538459
       5.7285338     0.080542870
